1024 tokens, 43 layers
layer  true@6 F@6   F@8   F@10  F@12   A@6   A@8   A@10  A@12 
    0  hash layer (tid2eid): 100% predictable from the token id
    1  hash layer (tid2eid): 100% predictable from the token id
    2  hash layer (tid2eid): 100% predictable from the token id
    3   1.000 0.495 0.565 0.610 0.649  0.593 0.667 0.716 0.752
    4   1.000 0.501 0.563 0.607 0.645  0.505 0.571 0.625 0.661
    5   1.000 0.491 0.547 0.595 0.629  0.519 0.587 0.630 0.671
    6   1.000 0.543 0.616 0.667 0.707  0.558 0.615 0.658 0.693
    7   1.000 0.563 0.635 0.685 0.722  0.638 0.715 0.768 0.805
    8   1.000 0.545 0.608 0.656 0.695  0.615 0.687 0.733 0.769
    9   1.000 0.628 0.703 0.759 0.798  0.686 0.771 0.823 0.860
   10   1.000 0.666 0.733 0.777 0.806  0.740 0.822 0.869 0.896
   11   1.000 0.596 0.668 0.713 0.749  0.660 0.740 0.796 0.831
   12   1.000 0.616 0.692 0.741 0.774  0.682 0.758 0.800 0.833
   13   1.000 0.664 0.745 0.789 0.820  0.759 0.837 0.884 0.912
   14   1.000 0.630 0.699 0.745 0.778  0.756 0.835 0.881 0.909
   15   1.000 0.656 0.734 0.789 0.827  0.745 0.824 0.878 0.910
   16   1.000 0.686 0.761 0.809 0.843  0.741 0.817 0.865 0.897
   17   1.000 0.707 0.789 0.840 0.874  0.796 0.875 0.915 0.937
   18   1.000 0.705 0.779 0.821 0.851  0.727 0.797 0.840 0.866
   19   1.000 0.403 0.464 0.512 0.543  0.435 0.486 0.531 0.566
   20   1.000 0.612 0.673 0.715 0.749  0.682 0.771 0.823 0.859
   21   1.000 0.666 0.745 0.793 0.830  0.749 0.829 0.873 0.900
   22   1.000 0.701 0.784 0.834 0.869  0.782 0.864 0.909 0.932
   23   1.000 0.537 0.611 0.667 0.707  0.660 0.747 0.795 0.838
   24   1.000 0.727 0.806 0.859 0.890  0.636 0.706 0.758 0.795
   25   1.000 0.669 0.748 0.800 0.838  0.479 0.551 0.598 0.638
   26   1.000 0.590 0.664 0.713 0.754  0.559 0.630 0.681 0.722
   27   1.000 0.628 0.701 0.752 0.788  0.368 0.417 0.451 0.484
   28   1.000 0.686 0.758 0.804 0.835  0.513 0.578 0.625 0.659
   29   1.000 0.652 0.725 0.778 0.814  0.489 0.552 0.602 0.640
   30   1.000 0.767 0.848 0.890 0.913  0.554 0.619 0.669 0.706
   31   1.000 0.595 0.673 0.721 0.758  0.544 0.620 0.671 0.709
   32   1.000 0.602 0.664 0.709 0.746  0.608 0.674 0.723 0.757
   33   1.000 0.684 0.757 0.792 0.818  0.477 0.541 0.583 0.618
   34   1.000 0.682 0.758 0.807 0.840  0.713 0.791 0.838 0.866
   35   1.000 0.574 0.634 0.676 0.704  0.604 0.673 0.718 0.752
   36   1.000 0.608 0.677 0.713 0.742  0.413 0.462 0.497 0.530
   37   1.000 0.639 0.713 0.755 0.784  0.696 0.775 0.828 0.863
   38   1.000 0.617 0.686 0.730 0.761  0.625 0.698 0.750 0.784
   39   1.000 0.552 0.616 0.659 0.692  0.801 0.871 0.904 0.924
   40   1.000 0.636 0.704 0.752 0.786  0.672 0.753 0.802 0.835
   41   1.000 0.690 0.757 0.789 0.814  0.820 0.892 0.921 0.939
   42   1.000 0.678 0.748 0.795 0.825  0.571 0.645 0.700 0.736
mean    1.000 0.622 0.694 0.740 0.774  0.629 0.702 0.748 0.781
